0.014170942 -0.04570076 2.676527
0.027787097 -0.08979201 5.2405834
0.040033635 -0.13628167 7.8769684
0.05084354 -0.18309551 10.507109
0.06166646 -0.22955896 13.140468
0.07265834 -0.27510774 15.774029
0.08352195 -0.31950676 18.418064
0.09371058 -0.36290857 21.044683
0.10345104 -0.4063774 23.680763
0.11242933 -0.44951436 26.301792
0.12039887 -0.49341208 28.933409
0.12875783 -0.5378448 31.549942
0.1376196 -0.58256114 34.165054
0.14597248 -0.6275684 36.7918
0.15372196 -0.6727901 39.41757
0.16138957 -0.71820503 42.015396
0.16960935 -0.7649111 44.64206
0.17821164 -0.81245106 47.26324
0.18675806 -0.86010104 49.874615
0.1951347 -0.90818435 52.48613
0.2035758 -0.95717394 55.11117
0.21187526 -1.0052592 57.73713
0.2207647 -1.0518366 60.336826
0.23124453 -1.0986838 62.96445
0.24255463 -1.1446685 65.580215
0.25430995 -1.1898952 68.20903
0.26536605 -1.2339536 70.825485
0.27500224 -1.2776326 73.45586
0.28436685 -1.3218863 76.09913
0.29439807 -1.3682754 78.72804
0.30455634 -1.4151683 81.34249
0.31474742 -1.4620888 83.9682
0.32423976 -1.5084462 86.42974
0.3338475 -1.5537503 89.043045
0.34471297 -1.5982722 91.67046
0.3563297 -1.6425643 94.28296
0.36763784 -1.6871672 96.8934
0.37811595 -1.7320803 99.521
0.38708216 -1.7753067 102.15042
0.39400774 -1.815864 104.767685
0.4007677 -1.8562073 107.3855
0.40834603 -1.8973299 110.00278
0.41714966 -1.9399804 112.64522
0.42704472 -1.9831976 115.24898
0.4375414 -2.0271702 117.88068
0.44822955 -2.0705488 120.499054
0.45932636 -2.1132016 123.13023
0.4701758 -2.1553683 125.746826
0.48076504 -2.198324 128.37607
0.49121046 -2.241528 130.99307
0.5019546 -2.28516 133.61993
0.5133179 -2.3281069 136.23563
0.5247417 -2.3706808 138.85013
0.5358972 -2.4140654 141.46216
0.5465716 -2.4592779 144.08804
0.55708253 -2.505868 146.69987
0.56835693 -2.5526958 149.32462
0.5799839 -2.5985038 151.93817
0.5908263 -2.643842 154.55292
0.6004524 -2.6895084 157.18124
0.60974586 -2.7358034 159.82246
0.6195476 -2.781884 162.42453
0.6300747 -2.8287306 165.03915
0.640722 -2.8760867 167.66754
0.650578 -2.922953 170.28282
0.6598435 -2.9696138 172.89816
0.6705981 -3.0160186 175.52695
0.6827663 -3.0614872 178.14333
0.6947338 -3.1077342 180.7716
0.70659226 -3.154034 183.3859
0.71804136 -3.2005389 186.02563
0.72874147 -3.2471886 188.70335
