0.09636219 0.23071384 -0.88098335
0.053554595 0.23949051 -0.4223528
0.019308522 0.19158024 0.13283253
0.07036625 0.13757819 0.36516476
0.10336332 0.17283112 0.13522243
0.09837669 0.106880665 0.17093468
0.1336208 0.14826089 -0.2633505
-0.042163424 0.16567898 -1.4502554
-0.32400173 -0.079273224 -1.6073723
0.031069607 -1.6481597 -0.9093232
-0.5007791 -2.024619 3.289338
0.3760491 -2.3728447 2.513795
1.0069184 -0.815622 0.44981766
0.32698247 0.5399951 -0.24423504
0.34787747 0.4476943 -0.2738428
0.34890747 0.475819 -0.14062023
