0.005362496 0.023938626 -0.040182114
0.019976035 0.0034526587 0.030611038
0.03167908 -0.02862215 0.01663971
-0.00604102 -0.046420693 -0.025909424
-0.004832819 -0.029299647 -0.02857685
-0.043099657 9.545684E-5 -0.015012741
0.020439714 0.015774608 0.0036878586
0.008502647 -0.00307855 -0.020596504
-0.008883923 -0.033834934 0.0070581436
-0.0071071386 0.012153238 0.0056467056
0.025698572 0.8334775 -0.026854515
0.0048728287 1.247324 0.19033337
-0.06671941 -0.28876188 -2.2484045
-0.11613188 -0.591886 -0.12766647
-0.17920922 -0.18323779 0.28229046
-0.16690253 -0.11520596 0.319973
-0.102137744 -0.10786301 0.2952118
-0.08955932 -0.08629041 0.25185585
