5.262196E-4 0.050141722 -0.042928696
-0.03880021 -0.0147938505 -0.065714836
3.440976E-4 -0.003998168 0.0023355484
0.023810446 -0.034570605 -0.013817787
0.0033501089 0.042948984 0.028166771
0.002680093 0.026510067 -0.04022312
-0.0056928396 0.021208055 0.030590057
-0.0045542717 -0.06932506 -0.053982735
-0.01149255 -0.008389734 0.011733055
-0.009194046 -0.0537821 -0.04553318
4.938841E-4 -0.019502733 0.010643959
-0.038838297 -0.039125137 0.0163517
-0.0075354874 -0.007764954 0.05231476
-1.9673566 -0.09251568 0.041851997
-1.118856 -0.25445688 0.041330338
2.925594 -0.43108016 -0.10030937
1.0773649 -0.10165124 -0.072398186
0.13227767 0.036354795 0.012686729
-0.105994284 0.036932945 -0.013385773
-0.14756396 -0.01752396 -0.0028591156
-0.110202074 -0.053252578 0.013399124
-0.07247561 -0.0033686608 -0.020665169
-0.042282254 -0.018393174 -0.024380684
-0.04952407 9.837002E-4 -0.027341843
-0.07099134 -0.007062152 -0.0140247345
-0.009722769 0.03358367 -0.0033826828
