0.25006104 -0.09512329 8.9730835
0.25006104 -0.09512329 8.9730835
0.08498949 -0.039724797 3.944622
0.07584071 -3.9555877E-4 3.1556978
0.013602257 -0.03170073 2.493174
0.026567847 -0.001825437 2.0259237
0.036952525 -0.009297267 1.5736685
-0.001822263 -0.02313605 1.2118645
-0.048540324 -0.02634576 1.0087128
-0.007435769 -0.021088809 0.8226681
0.025423467 -0.009021923 0.6502857
0.0281879 -0.0072175413 0.57513523
-0.016670883 -0.005774036 0.4601078
0.02588448 -0.020305261 0.32886505
0.020707577 -0.047628492 0.2944765
0.008716941 0.0011306107 0.2277317
0.0069735646 8.9228153E-4 0.11942959
0.029114008 7.260293E-4 0.15829945
0.038977236 -0.0072682947 0.1423254
-1.9028783E-4 -0.0058146417 0.11386013
0.007696897 0.011034325 0.09110069
-0.03307587 -0.0147076845 0.09641552
-0.026460677 0.0039321035 0.061433792
-0.036854565 -0.004703447 0.033460617
0.009737551 0.03545843 0.011070251
-0.015745103 -0.010854453 0.024554253
-0.012596071 -8.344352E-4 -0.03527546
-0.010076851 0.007169366 -0.04390621
0.015473664 0.0057354867 -0.042974472
0.004529804 0.02028662 -0.026530266
0.019322097 0.03976445 -0.0055379868
0.023306817 0.039648473 0.042639732
-0.004901916 -0.031037569 0.018425941
0.05884701 -0.001294896 0.0068912506
0.031379342 0.0068131983 -0.03370762
0.02510345 -0.0023985654 0.020104408
-0.03482449 -0.017604887 3.976822E-4
-0.02002266 0.017288163 -0.03106594
-0.008168995 -0.00970462 0.030054092
0.0013139248 0.015771464 0.031891823
0.0010511279 -0.010917991 0.06474686
-0.007008195 -0.040118665 0.012563705
-0.01344347 0.007138476 0.033586502
0.028466403 0.07631625 0.01902008
0.0070870817 0.05320388 -0.024004936
-0.010028601 -0.004507214 -0.034890175
-1.7377734E-4 -0.034990042 0.0034599304
0.015547007 -0.035828948 0.0027675629
0.012437582 -0.036512285 -0.029157639
-0.0057359934 -0.03705895 -0.02332592
-0.01243794 -0.029647157 -0.0029745102
0.0057356954 -0.03155464 -0.025914192
-0.018934399 -0.009557664 -0.020730972
0.016224533 0.031575054 0.0069503784
0.028665662 0.02527225 0.0055599213
-0.016288638 -0.0033295602 -0.0034008026
0.0026551485 -0.026198804 -0.026255608
0.0021241307 -0.013109922 0.026065826
-0.021835834 0.020896345 -0.002670288
-0.033154696 -0.006818086 -0.04136944
-0.018674612 -0.013303578 0.053195953
0.047816664 -0.0027937442 0.0033359528
0.014718175 -0.03361927 -0.013017654
-0.035295755 -0.011209384 -0.018262863
-0.0047014356 0.02241677 0.02461052
-0.027296305 0.010096505 -0.043067932
0.009547234 -0.007621035 0.036150932
0.007637799 0.033124357 0.052455902
-0.009588003 0.042197734 0.06550026
-0.0076704025 0.025909066 0.036714554
0.009561926 0.0050412267 -0.0020132065
0.007649541 -0.035200417 -0.03299427
0.06102687 -0.012462094 -0.03423214
