0.00968726 -0.019249246 -0.045176506
-0.007948436 -0.054632798 0.0030918121
0.0093394965 -0.03585711 0.025996208
-3.7752837E-4 0.01838462 -0.03411007
-0.031674087 -0.008827448 -0.019451141
0.021718837 0.024322331 0.007974625
0.0016890317 0.027294785 0.04561329
0.0013512224 -0.017385364 0.052176476
-0.022454172 0.033162028 0.010356903
-0.041498497 0.026529625 0.03966999
-0.009663641 0.013374582 -0.054555893
-0.007730916 -0.012835503 -0.012260437
-0.006184727 0.013266757 -0.009820938
-0.028482944 0.010613412 -0.08631134
0.008597925 0.016339853 -0.061200142
0.030413494 -0.018312395 0.021657944
0.04001683 0.0010361075 0.017326355
0.008478314 0.008678004 0.092303276
-0.11089313 -2.001456 -0.13797379
0.17017221 -1.6011648 -0.20453167
0.426421 1.5276864 -0.10870552
0.09008698 1.9909846 0.038560867
0.08775562 0.38462114 0.038698196
0.09373966 0.040948868 0.03880787
0.05145657 -0.11628875 0.08596611
0.07254954 -0.07734497 -0.001832962
0.034504473 -0.03834082 0.053441048
0.0354527 -0.0071374923 0.034903526
