0.051008016 -0.019370764 0.095199585
0.0015730262 0.015887678 0.021240234
-0.04581189 -0.0029881 -0.061462402
0.0025838912 0.005458638 -0.04916954
-0.06070143 0.03573899 -0.078557014
-0.04071203 0.0050682425 -0.023612022
0.0066515505 0.011891499 -0.03458786
-0.010364801 0.009513199 -0.051205635
0.65855384 -0.15713555 -0.033115387
1.8056395 -0.15709272 -0.057876587
-1.2935011 -1.4927983E-4 -0.08552265
-2.6038682 -0.33747295 -1.3942852
-0.25512832 0.1693649 -0.03277397
0.29798475 0.2060974 0.2562151
0.28545812 0.22763427 0.3304968
0.28328592 0.20565477 0.2879324
0.16387239 0.14097646 0.19112492
