0.055924624 -0.100730285 0.24668026
-0.010167524 -0.033526123 0.19734383
-0.01598315 0.11440225 -0.053941727
-0.0127865225 0.052288402 -0.051002502
0.07606229 0.010458652 -0.11925697
0.037314683 -0.046552513 -0.009101868
-0.025055498 -0.07647541 -0.015130997
0.019176781 0.0015882254 -0.043489456
0.07026085 -0.0065785423 -0.05047798
0.048359573 0.01828453 -0.07176685
0.10929313 -0.47178596 1.119381
-0.0694747 -0.33035845 1.9624729
-0.016346365 0.0024490654 -0.0069379807
0.096749574 0.6766541 -1.6216879
-0.0010427237 1.0983423 -1.8072872
0.038387 1.2395625 -1.0221844
-0.14972255 0.5836911 -0.20580864
-0.74740255 0.66308326 0.07855415
-0.6920627 0.5540018 0.3844986
0.11319555 0.44320142 -0.13958168
-1.3294387 0.3545611 0.0609293
-0.3417858 0.50332665 0.2841072
0.03254062 -0.44464087 0.038991928
0.065253675 -0.40278304 0.14103222
