0.10296631 -0.24221802 8.933868
0.27947998 -0.3108673 8.933853
0.11277771 -0.3206787 8.8750305
0.1618042 -0.22261047 8.982895
0.29908752 -0.24221802 8.8358
0.20101929 -0.18338013 8.669083
0.044128418 -0.18338013 8.816177
-0.22065735 -0.23242188 9.071152
-0.093170166 -0.19319153 8.767151
0.10296631 -0.30107117 8.9730835
-0.06375122 -0.27163696 9.012314
0.0048980713 -0.29125977 8.992706
0.12257385 -0.3795166 9.041733
0.05393982 -0.28144836 9.100571
-0.0048980713 -0.3108673 9.100571
0.044128418 -0.3697052 9.100571
0.083358765 -0.3598938 9.031937
0.024520874 -0.26184082 8.8358
-0.11277771 -0.40893555 8.933868
-0.29910278 -0.3108673 8.747543
0.1618042 0.5226898 8.9730835
1.6818237 0.97380066 10.640213
-0.82865906 -1.4974823 5.138687
-2.0054626 -2.1545105 7.1000214
-1.0934448 -1.1934662 8.68869
-0.50505066 -0.40893555 8.737732
-0.2402649 -0.12454224 8.79657
0.05393982 -0.13435364 8.825989
