-0.10296631 0.45404053 8.933853
0.10296631 0.2971344 9.179031
0.1519928 0.19906616 9.149612
0.21083069 0.19906616 9.080963
0.05393982 0.287323 8.982895
0.0048980713 0.3069458 9.071152
0.11276245 0.2971344 9.071152
-0.0048980713 0.55210876 8.27681
-0.0048980713 0.40501404 4.216858
2.0054474 0.2775116 5.540756
2.1623535 -0.41874695 11.071716
-0.68156433 -0.6639099 9.532074
-1.5445557 -0.54623413 8.884827
-0.7011719 -0.20300293 8.894638
0.1618042 -0.07551575 8.904434
0.27947998 -0.09512329 8.914246
0.30889893 -0.15396118 8.963287
0.34812927 -0.12454224 8.992706
