0.32850647 -0.22261047 9.051544
0.32850647 -0.17358398 9.031921
0.29908752 -0.19319153 8.953476
0.28929138 -0.14416504 9.06134
0.29910278 -0.17356873 9.012314
0.29910278 -0.13435364 9.031921
0.30889893 -0.16377258 9.002502
0.25006104 -0.15396118 9.100571
0.26966858 -0.16377258 9.031921
0.33831787 -0.18338013 8.973099
0.32850647 -0.18338013 8.9730835
0.32852173 -0.10493469 8.9730835
0.31871033 -0.12454224 9.012314
0.32852173 -0.16377258 8.992706
0.29908752 -0.16377258 9.06134
0.24024963 -0.14414978 9.031921
0.24024963 -0.12454224 8.982895
0.26966858 -0.13435364 8.982895
0.26968384 -0.114730835 9.071152
0.29908752 -0.12454224 9.06134
0.26968384 -0.15396118 9.06134
0.28929138 -0.13435364 9.061356
0.25006104 -0.10493469 9.022125
0.25987244 -0.19319153 9.080963
0.87768555 -0.21281433 9.012314
2.0250702 -0.30107117 8.924057
0.59329224 -0.3991394 9.022125
-2.476181 -0.21279907 9.198639
-0.34814453 -0.065704346 9.149597
0.181427 -0.055892944 9.002502
0.25006104 -0.08531189 9.071152
0.26966858 -0.07551575 9.06134
0.30889893 -0.0460968 9.002518
0.25987244 -0.0460968 9.051544
0.28929138 -0.026473999 9.031921
0.25987244 -0.065704346 9.002502
0.23045349 -0.18338013 8.502365
0.18141174 0.0029449463 8.953476
0.20101929 -0.07551575 8.953476
0.29910278 -0.07551575 9.090759
0.25987244 -0.08531189 9.080963
