0.25006104 -0.09512329 8.9730835
0.25006104 -0.08531189 9.002502
0.28929138 -0.08531189 8.9730835
0.28929138 -0.07551575 8.992706
0.28929138 -0.08531189 9.100571
0.29908752 -0.07551575 9.031921
0.31871033 -0.026473999 9.002502
0.28929138 -0.0460968 8.982895
0.29908752 -0.065704346 9.012314
0.33831787 -0.114746094 9.031921
0.29908752 -0.114730835 9.031921
0.32852173 -0.065704346 9.051544
0.33831787 -0.065704346 8.982895
0.30889893 -0.055892944 9.002502
0.28929138 -0.046081543 9.022125
0.31871033 -0.0460968 9.06134
0.28929138 -0.016662598 9.071152
0.28929138 -0.055892944 8.9730835
0.28929138 -0.026473999 8.963287
0.29908752 -0.055908203 8.982895
0.30889893 -0.065704346 8.992706
-0.61291504 0.18925476 9.002502
-2.1329498 -0.09512329 8.9730835
-0.29910278 -0.19319153 9.12999
2.515396 -0.20298767 9.188843
1.1914978 -0.14416504 9.012314
0.5540619 -0.19319153 8.914246
0.27947998 -0.13435364 8.953476
0.26968384 -0.19319153 8.904434
0.25006104 -0.15396118 9.06134
0.23045349 -0.114730835 8.982895
0.25987244 -0.12454224 9.031921
0.23045349 -0.10493469 8.982895
0.26966858 -0.16377258 9.051544
0.26966858 -0.10493469 9.071152
0.23045349 -0.15396118 9.022125
0.26968384 -0.114730835 9.041733
0.25987244 -0.13435364 8.933853
0.24024963 -0.15396118 8.9730835
0.25987244 -0.13435364 8.982895
0.23043823 -0.15396118 8.855408
