0.29908752 -0.21279907 9.218262
0.33831787 -0.22261047 9.06134
0.41677856 -0.24221802 9.012314
0.34812927 -0.22261047 9.031937
0.27947998 -0.17358398 9.002518
0.29910278 -0.19319153 8.992706
0.32852173 -0.21279907 9.022125
0.33831787 -0.18338013 8.982895
0.39715576 -0.23242188 8.933853
0.33831787 -0.19319153 8.982895
0.31871033 -0.21279907 8.9730835
0.29908752 -0.20300293 9.031921
0.32850647 -0.19319153 9.061356
0.35794067 -0.19319153 9.012314
0.37754822 -0.21281433 9.031921
0.34812927 -0.22261047 8.943665
0.32852173 -0.19319153 9.012314
0.32850647 -0.17358398 9.041733
0.32850647 -0.17356873 8.982895
0.36773682 -0.22261047 8.963272
0.38735962 -0.23242188 9.041733
0.36773682 -0.3108673 9.022125
0.36773682 -0.28144836 8.982895
0.36773682 -0.24223328 8.943665
0.40696716 -0.24221802 8.953476
0.41677856 -0.26184082 8.992706
0.35792542 -0.20300293 9.051544
0.34812927 -0.21281433 8.933868
0.38734436 -0.22261047 9.012314
0.35792542 -0.24223328 8.963287
0.30889893 -0.24221802 12.523102
0.32850647 -2.321228 11.091324
-0.34814453 -0.35009766 4.1187897
-0.8678894 2.1996307 5.90361
-0.76982117 2.8076324 8.669083
0.014709473 2.2780762 9.257477
0.083358765 1.5229645 9.237869
-0.7992401 1.787735 9.061356
-1.1228638 1.6994781 8.816177
-1.3484192 1.8760071 8.776962
-1.3484192 2.150589 8.5121765
